7509110757939709758094935366817060925837638579042728431260142743818685362398128652201706693567799386907735354673194969179277450911147732351999651215019053
8800859676295161134525144685415564686264453890126994862536655764473347780225344857416388897028450216798349415555028464067395412976699111362119610474860449
8002347987931228813365163845772069423504727588844726556338533426660666379078290797100563197589547507003142428287764887238122902291019850391190457362212117
13365978466587459395430938510974511189469915270473818097129346662625515358825852256716837008336995033098890716828699541061684405781532713983576124357904483
12168107530584521539325147557221760386172515206218146741085102161107561814897162071854883738135942922805965201619896245913357434451741858519618215476719781
9658198843823123293103015122495839252681228882897618590955228185952773489921574940355063809815041968802138481380029888171133325288625115022031753820120201
12967454611658421429529737171163400799411502574706679238176385707542675959191023232036921723200304494246332452544354614761853025389257796475972134798891033
6917129636413852002172223507822589906605890571401046013413709799753592583329780765963585833442381087546722661538372033141003459383659284316327675949729963
8202173552721131499049926290204516455654238231963556414944099930405934301640526317168330342732908759833155520032887106112619889735318833918224019185883049
10387739382948592807155526185985614734154990058003534201762209883147279599356130585631740830951912305619146918638605268437602681721334853483093439070584791
9811738886917728466614058195194781697607227571038340350951208333556058130601696786425255335431526561307795305856892622655477010583000636653102128747539837
7785151723980908960315971389815668169238918717422150129461930102312742921669929684530106480572416331135470558778066542716776813703489585748966496786141559
7558053904316811041278421470128230458251173450574963904131174410675169026800809498558325686684418700023413316999070597333997834361240716462002798840575349
12161025545136160204408249270108334864129287068313845231588908658169328510336639936754365521783066011570407330469792572634023053210368429606284078933200067
7226215073904788576736834225158965857861615316188236273847134042836118053566616071291996536336322285153415599259250039633896839163727657182993817729719957
7002465305748058632476856290999801877330212767170804169722496684947794702244360888759064875128810637833668568127745619192554259153739385980273594081598639
12677389987313747988079669135163463043635284769853621107702283791436270350030386266103322956690904460514616498156535735619984614949689306954024008287042237
8337589346345833117543904949814354127621993949798597174506120780970496980648629433744503085355924783063781304159903477284184835127285625570743272526434073
7978797347550218854210505033842811409139632657693853083842172654514238934622083425579195280590918772220686047266926441705488678785729539859338264355743919
10869217943325394353140301795510324787347792576595050670576052793081545560589392595211555965437547878814348425526551879653435369534295125585702695198004763
